"danish" <-
structure(c(1.68374816983895, 2.09370424597365, 1.73258125915081, 
1.77975402635432, 4.61200585651537, 8.72527379209371, 7.89897510980966, 
2.20804538799414, 1.48609077598829, 2.79617130307467, 7.32064421669107, 
3.36749633967789, 1.46412884333821, 1.72222254758419, 11.3748169838946, 
2.48273938506589, 26.2146412884334, 2.00243045387994, 4.53001464128843, 
1.84175256222548, 3.80673499267936, 14.1220761346999, 5.4242532942899, 
11.7130307467057, 1.51537335285505, 2.53858857979502, 2.0497803806735, 
12.4655929721816, 1.73544509516837, 1.68374816983895, 3.32385212298682, 
1.82102489019034, 2.41581259150805, 1.46412884333821, 5.8759019033675, 
1.792439238653, 3.33821376281113, 1.58448755490483, 1.93132064421669, 
2.0497803806735, 1.57375841874085, 1.75695461200586, 4.9311859443631, 
5.41727672035139, 1.53733528550512, 17.5695461200586, 1.69112298682284, 
1.58161200585652, 1.46711566617862, 2.0497803806735, 1.92871156661786, 
3.26315373352855, 1.70424597364568, 2.07460761346999, 3.29428989751098, 
1.83997510980966, 7.32064421669107, 7.32064421669107, 1.57621522693997, 
4.8560980966325, 1.54227525622255, 13.6207906295754, 1.75695461200586, 
1.6398243045388, 2.03637774524158, 21.9619326500732, 1.79902635431918, 
2.45241581259151, 2.66910688140556, 2.02414641288433, 1.72474377745242, 
1.64386383601757, 1.96193265007321, 4.62664714494876, 1.46412884333821, 
3.96325036603221, 5.56385212298682, 4.39238653001464, 3.64031332357247, 
1.67789165446559, 1.44948755490483, 263.250366032211, 2.50073206442167, 
1.82576866764275, 9.88286969253294, 2.14661786237189, 2.87025915080527, 
6.31991361639824, 2.12346120058565, 2.92386530014641, 2.03637628111274, 
1.73645680819912, 2.0497803806735, 1.90336749633968, 1.61054172767204, 
1.71742313323572, 3.12943777452416, 2.05195754026354, 1.96751830161054, 
2.10248901903367, 3.25915080527086, 1.99853587115666, 5.41727672035139, 
2.81983601756955, 3.69708345534407, 2.04538799414348, 2.67935578330893, 
3.42622401171303, 1.58857979502196, 4.26287115666179, 1.75585944363104, 
1.98700585651537, 1.66192532942899, 7.61346998535871, 1.794878477306, 
6.67481698389458, 2.18594436310395, 3.85505124450952, 3.22108345534407, 
2.12298682284041, 1.76029136163982, 2.04165300146413, 3.75593850658858, 
2.24211127379209, 1.72111273792094, 1.46412884333821, 4.71189165446559, 
2.1538243045388, 3.87481259150805, 19.0702781844802, 1.88726207906296, 
1.46412884333821, 1.53616398243045, 2.56006588579795, 2.79970717423133, 
2.01317715959004, 1.46412884333821, 6.32503660322108, 1.56730014641288, 
2.19619326500732, 2.33528550512445, 2.11566617862372, 1.46954465592972, 
5.40263543191801, 5.31478770131772, 2.87262079062958, 2.78184480234261, 
2.57682137628111, 3.10102489019034, 1.46412884333821, 2.0497803806735, 
1.96193265007321, 1.46412884333821, 2.63543191800878, 1.46412884333821, 
5.85651537335286, 3.29428989751098, 2.52085651537335, 19.4729136163982, 
1.83546266471449, 2.0497803806735, 2.78330893118594, 2.78184480234261, 
1.75695461200586, 2.84040995607613, 2.33089311859444, 1.7562254259502, 
1.31454783748362, 2.40397116644823, 6.91563040629096, 1.49187680209699, 
1.53239580602883, 1.87386107470511, 1.81520314547837, 8.25688073394495, 
1.41020445609436, 2.206625163827, 34.1415465268676, 2.44331061598951, 
3.59436959370904, 2.37221494102228, 3.6697247706422, 6.88845347313237, 
1.80209698558322, 1.44167758846658, 9.1743119266055, 2.09698558322412, 
2.81454783748362, 1.68490301441678, 2.09960681520315, 2.62123197903014, 
1.37614678899083, 1.66448230668414, 2.35910878112713, 4.1364875491481, 
1.39439580602883, 1.80209698558322, 1.81913499344692, 1.51376146788991, 
3.08077326343381, 20.9698558322412, 4.19397116644823, 1.86164351245085, 
2.49672346002621, 2.21378112712975, 5.24246395806029, 1.32225425950197, 
8.55176933158585, 1.96592398427261, 12.8951507208388, 1.78899082568807, 
2.17682699868938, 8.77762778505898, 1.81520314547837, 1.68314023591088, 
3.6435124508519, 1.61336828309305, 1.46788990825688, 1.40560419397117, 
3.12080340760157, 1.59818086500655, 3.80078636959371, 1.51008912188729, 
1.57273918741809, 1.83005242463958, 2.62123197903014, 2.80648099606815, 
1.35779816513761, 1.61861074705111, 1.96592398427261, 3.02228047182176, 
56.2254259501966, 4.98034076015727, 1.9871625163827, 1.96592398427261, 
2.71129226736566, 1.90039318479685, 1.72346002621232, 1.57273918741809, 
1.70380078636959, 3.01965923984273, 1.8348623853211, 1.41939711664482, 
4.39056356487549, 7.86369593709043, 1.57273918741809, 1.33661336828309, 
1.70380078636959, 2.63562254259502, 1.86471821756225, 1.45775491480996, 
7.55832241153342, 2.03139711664482, 1.34993446920052, 1.4748623853211, 
5.11140235910878, 5.24246395806029, 1.44167758846658, 3.93613892529489, 
4.06290956749672, 1.37614678899083, 1.68414154652687, 1.44061992136304, 
1.36454914809961, 1.57273918741809, 2.18542201834862, 3.28134600262123, 
1.36310091743119, 2.12319790301442, 2.63433813892529, 2.09829619921363, 
3.43435255570118, 1.47879554390564, 2.62123197903014, 3.00131061598951, 
1.42973394495413, 10.2228047182176, 2.57939580602883, 1.75535910878113, 
1.47340498034076, 1.95281782437746, 1.77986893840105, 1.9868623853211, 
1.93971166448231, 1.6759003931848, 1.57273918741809, 2.52490170380079, 
14.6788990825688, 3.03407601572739, 1.97903014416776, 5.93775884665793, 
1.44167758846658, 2.62123197903014, 2.03800786369594, 3.75491480996068, 
2.43774574049803, 1.70203145478375, 7.10987024901704, 2.01965923984273, 
1.85049017038008, 1.4159501965924, 7.69331585845347, 3.01441677588467, 
2.35910878112713, 1.59231585845347, 1.38925294888598, 1.33296854521625, 
1.42332896461337, 2.97757142857143, 1.38735517693316, 1.40498034076016, 
2.62123197903014, 4.27916120576671, 1.60550458715596, 2.01179554390564, 
2.26736566186107, 1.4646500655308, 3.37406553079948, 1.4907994757536, 
2.09698558322412, 1.57016644823067, 1.37614678899083, 3.14547837483617, 
8.45373525557012, 3.03328309305373, 2.06422018348624, 6.42201834862385, 
1.8987876802097, 1.49017038007864, 50.0655307994758, 1.55963302752294, 
1.96592398427261, 1.80005242463958, 2.42463958060288, 1.31061598951507, 
1.61205766710354, 4.22116527942925, 1.26040428061831, 1.40369322235434, 
1.29726516052319, 1.92749227110583, 1.91545778834721, 1.207451843044, 
5.69858263971463, 1.90249702734839, 1.18913436385256, 10.1780237812128, 
1.60207966706302, 4.16171224732461, 2.36304994054697, 1.96504399524376, 
1.94598216409037, 2.85374554102259, 1.20243995243757, 10.820451843044, 
1.58876337693222, 2.09634958382878, 5.46967895362664, 1.89298454221165, 
2.0332936979786, 1.60523186682521, 1.40309155766944, 1.19500594530321, 
3.2461355529132, 1.26312247324614, 2.97265160523187, 1.20495005945303, 
1.88127348394768, 1.78359096313912, 3.92390011890606, 1.90249702734839, 
1.66468489892985, 4.45282520808561, 1.32362068965517, 1.60523186682521, 
24.9702734839477, 2.73483947681332, 1.78359096313912, 1.81093935790725, 
2.1141498216409, 1.39120095124851, 1.34601664684899, 1.5073840665874, 
1.94048751486326, 2.56979785969084, 1.58076575505351, 1.48751486325803, 
1.52199762187872, 1.69084423305589, 1.78359096313912, 1.25886563614744, 
1.57374791914388, 1.46730083234245, 2.71370511296076, 2.73602853745541, 
1.45659928656361, 2.13743162901308, 2.4790903686088, 2.37812128418549, 
4.63733650416171, 1.18906064209275, 1.54577883472057, 2.34244946492271, 
2.33769322235434, 1.39714625445898, 4.22116527942925, 1.63995243757432, 
1.21878715814507, 3.68608799048751, 2.49702734839477, 2.49702734839477, 
5.23186682520809, 1.30796670630202, 1.26812485136742, 2.16527942925089, 
4.64019262782402, 2.97265160523187, 1.66468489892985, 1.18906064209275, 
11.8906064209275, 2.86563614744352, 1.24436741973841, 1.72413793103448, 
5.69560047562426, 1.35956956004756, 7.07491082045184, 1.40347562425684, 
1.40241854934602, 1.31985731272295, 4.32058858501784, 1.84304399524376, 
1.41498216409037, 1.48632580261593, 4.94603210463734, 1.91319857312723, 
20.0499405469679, 1.43650772889417, 5.5077288941736, 3.21046373365042, 
